0.00704
0.03688
0.03946
0.00921
0.03017
0.00401
0.04577
0.03295
0.01206
0.03889
0.03401
0.05140
0.05253
0.06244
0.02299
0.01214
0.00666
0.00838
0.01010
0.00492
0.01273
0.00234
0.03452
0.02441
0.02536
0.01864
0.01693
0.00458
0.00945
0.01855
0.02634
0.01306
0.02096
0.02106
0.01027
0.00179
0.01264
0.02307
0.01946
0.01297
0.03506
0.02565
0.00442
0.01309
0.01514
0.02319
0.01092
0.02289
0.03107
0.02119
0.01859
0.05084
0.02900
0.03368
0.01630
0.01723
0.05781
0.00459
0.03661
0.00982
0.01497
0.02014
0.00696
0.01310
0.02435
0.03448
0.02376
0.01383
0.03673
0.01922
0.02290
0.03549
0.02828
0.01146
0.02921
0.02193
0.00830
0.01666
0.02921
0.04215
0.02753
0.00504
0.00842
0.01981
0.02056
0.02472
0.00757
0.02289
0.00728
0.02865
0.00965
0.05598
0.04127
0.03642
0.03575
0.00956
0.01674
0.01413
0.03847
0.03222
0.03683
0.01509
0.02351
0.02140
0.06502
0.03723
0.04580
0.01821
0.02272
0.02813
0.02520
0.02486
0.04581
0.00443
0.03910
0.02418
0.02384
0.01887
0.01579
0.01710
0.02543
0.00314
0.02709
0.03251
0.00983
0.01288
0.03505
0.01913
0.01544
0.03222
0.02072
0.03975
0.00656
0.01997
0.01964
0.05536
0.05426
0.03378
0.04076
0.02613
0.06197
0.03303
0.02308
0.03681
0.04636
0.03364
0.04128
0.02545
0.01489
0.04217
0.05893
0.02907
0.01207
0.04759
0.03158
0.05420
0.00274
0.00637
0.01254
0.01637
0.01528
0.02833
0.00498
0.01773
0.03064
0.01132
0.02428
0.02812
0.01880
0.01872
0.01733
0.04314
0.01860
0.00735
0.04609
0.02810
0.02376
0.01332
0.02556
0.00879
0.02123
0.05036
0.03069
0.03266
0.00758
0.03269
0.02240
0.01849
0.03247
0.04028
0.03323
0.03980
0.01063
0.00681
0.02973
0.02250
0.00827
0.03923
0.02807
0.03368
0.03947
0.05375
0.01573
0.02294
0.04727
0.00369
0.01559
0.04133
0.03220
0.05893
0.03797
0.01684
0.01778
0.02511
0.03171
0.03119
0.01907
0.03423
0.02577
0.02152
0.01185
0.01659
0.02444
0.03003
0.00958
0.02912
0.04182
0.04353
0.05510
0.04936
0.00413
0.03094
0.02572
0.02145
0.01046
0.01365
0.00283
0.02434
0.04720
0.04543
0.00306
0.04670
0.01560
0.04235
0.04062
0.03687
0.00453
0.03833
0.01754
0.01708
0.02938
0.04329
0.01875
0.04775
0.04132
0.04665
0.02960
0.04942
0.02891
0.03122
0.05890
0.04268
0.00574
0.01353
0.01420
0.00894
0.02037
0.03381
0.03487
0.05926
0.01141
0.06489
0.05680
0.05692
0.03048
0.02063
0.03099
0.02903
0.00904
0.01278
0.02627
0.01231
0.01177
0.02010
0.02601
0.02323
0.01741
0.05295
0.02087
0.04031
0.03233
0.03587
0.03775
0.03881
0.01347
0.05145
0.03355
0.02509
0.04222
0.00243
0.00778
0.04102
0.06852
0.01899
0.01635
0.03998
0.01077
0.03882
0.02589
0.01188
0.00360
0.01616
0.03018
0.01736
0.03273
0.04224
0.05534
0.03911
0.04990
0.03780
0.03446
0.02525
0.01519
0.01100
0.00666
0.04295
0.01691
0.05153
0.00752
0.01006
0.00708
0.00740
0.04111
0.02727
0.04097
0.02168
0.03620
0.02376
0.01687
0.03522
0.00862
0.03118
0.04933
0.01190
0.00673
0.01512
0.02633
0.01850
0.03973
0.02296
0.00487
0.01667
0.01948
0.04479
0.01276
0.06000
0.02276
0.03626
0.03489
0.01652
0.06939
0.05846
0.02834
0.03838
0.05797
0.00995
0.02696
0.04974
0.04720
0.03361
0.03328
0.02681
0.02238
0.02268
0.04454
0.04476
0.01823
0.05489
0.01199
0.00964
0.00706
0.02008
0.00780
0.02807
0.03492
0.01226
0.05220
0.03658
0.03611
0.01469
0.00166
0.00822
0.04289
0.02177
0.01648
0.04115
0.01343
0.01423
0.04277
0.00473
0.03444
0.01946
0.05730
0.04436
0.06309
0.03907
0.06039
0.04109
0.05372
0.03070
0.02048
0.01900
0.03370
0.05207
0.03980
0.01876
0.02402
0.01556
0.01761
0.02347
0.00181
0.02296
0.02459
0.02075
0.02960
0.01275
0.04536
0.02753
0.02210
0.03642
0.02986
0.02108
0.03014
0.05321
0.02111
0.01148
0.01252
0.01507
0.02387
0.01892
0.01111
0.01925
0.04332
0.01327
0.04678
0.02127
0.01798
0.06305
0.03065
0.04609
0.05409
0.04993
0.02905
0.02149
0.04891
0.04679
0.00535
0.05047
0.06303
0.03328
0.01529
0.01578
0.00930
0.01422
0.01570
0.01116
0.05460
0.00814
0.03124
0.02300
0.01348
0.01712
0.01277
0.00579
0.03585
0.03108
0.01076
0.00735
0.01396
0.03378
0.02853
0.01673
0.01800
0.04485
0.00424
0.01778
0.00215
0.02741
0.01953
0.04467
0.05099
0.01828
0.02003
0.01459
0.01527
0.04634
0.04797
0.01156
0.04028
0.03277
0.02247
0.00642
0.02657
0.05588
0.03559
0.00657
0.01850
0.03142
0.00307
0.03925
0.04652
0.03543
0.05430
0.01858
0.01794
0.02175
0.03560
0.01176
0.02594
0.02051
0.01989
0.01544
0.05514
0.01706
0.02168
0.02128
0.01403
0.02272
0.01073
0.02459
0.01435
0.03356
0.01530
0.03076
0.03691
0.05018
0.01931
0.03816
0.00890
0.00999
0.03120
0.01022
0.01918
0.03596
0.00570
0.04668
0.04339
0.01514
0.07083
0.03834
0.03832
0.04541
0.03438
0.00671
0.01238
0.00366
0.01057
0.02831
0.02926
0.02155
0.00952
0.01312
0.02147
0.02340
0.01783
0.01725
0.03807
0.03247
0.00972
0.05955
0.02757
0.01555
0.03252
0.02094
0.03048
0.02304
0.02666
0.02083
0.01444
0.00648
0.05163
0.04197
0.02804
0.04091
0.02760
0.01657
0.00626
0.02704
0.01290
0.00497
0.01100
0.02525
0.04566
0.05139
0.01940
0.05353
0.03681
0.02026
0.02712
0.03657
0.02844
0.03863
0.03747
0.01843
0.01904
0.02336
0.02214
0.01160
0.01540
0.02542
0.01501
0.01451
0.00774
0.01920
0.03519
0.04840
0.02203
0.01899
0.02025
0.02517
0.03965
0.03304
0.02252
0.03630
0.00533
0.04916
0.02788
0.02532
0.02228
0.02859
0.03068
0.05167
0.04118
0.03970
0.02284
0.02217
0.01122
0.02871
0.03349
0.04854
0.04297
0.02512
0.01288
0.00855
0.01764
0.03489
0.05175
0.01943
0.02747
0.02287
0.01633
0.03302
0.02642
0.03665
0.01494
0.00595
0.01916
0.02223
0.02314
0.01669
0.03210
0.01463
0.00588
0.00436
0.02502
0.00755
0.00491
0.01491
0.01210
0.00284
0.01848
0.01565
0.00451
0.03546
0.02745
0.02682
0.01412
0.02452
0.03666
0.02195
0.02103
0.00524
0.03075
0.04965
0.02444
0.01174
0.01875
0.02171
0.01004
0.03197
0.01997
0.01437
0.02006
0.03269
0.02427
0.01342
0.03003
0.02676
0.01848
0.04053
0.03954
0.04420
0.00423
0.02262
0.01803
0.00382
0.02188
0.00850
0.01176
0.04847
0.04642
0.03229
0.01869
0.01347
0.04315
0.01879
0.02665
0.02298
0.00989
0.01002
0.03968
0.03222
0.02986
0.00282
0.01648
0.01605
0.02185
0.02163
0.02337
0.00492
0.02652
0.03553
0.01789
0.03193
0.00292
0.04225
0.03755
0.02859
0.00878
0.02431
0.00572
0.02723
0.04366
0.01860
0.04119
0.03648
0.04928
0.03412
0.02156
0.07223
0.00991
0.02696
0.05429
0.02070
0.02832
0.01984
0.04319
0.00303
0.04264
0.03303
0.02627
0.03099
0.02257
0.04764
0.01930
0.02029
0.01324
0.01761
0.01632
0.03717
0.01504
0.01443
0.02976
0.03729
0.02274
0.02028
0.07355
0.02265
0.02451
0.00747
0.02284
0.02420
0.02445
0.01269
0.02631
0.00696
0.03726
0.06411
0.02989
0.04228
0.05092
0.05358
0.05013
0.03111
0.05736
0.04155
0.04045
0.02037
0.01476
0.01655
0.04516
0.06276
0.04155
0.06577
0.02318
0.04378
0.02305
0.05887
0.03566
0.03520
0.03464
0.04632
0.01717
0.02134
0.02769
0.00086
0.02288
0.02524
0.04292
0.03579
0.02809
0.04238
0.05117
0.02637
0.02521
0.02828
0.04138
0.02289
0.03233
0.02563
0.01869
0.03280
0.01622
0.03117
0.03524
0.03756
0.03858
0.03016
0.03736
0.05875
0.03280
0.05917
0.08183
0.13653
0.07131
0.04722
0.02183
0.04469
0.05794
0.04085
0.02887
0.02473
0.00563
0.03317
0.04743
0.05241
0.03391
0.01153
0.01620
0.00878
0.01735
0.01503
0.04314
0.04749
0.02814
0.03705
0.02822
0.05164
0.04107
0.03718
0.03099
0.00891
0.03017
0.00534
0.01736
0.05288
0.02486
0.01536
0.01558
0.04026
0.03861
0.05756
0.07321
0.01965
0.04217
0.06568
0.08031
0.08672
0.13330
0.13424
0.09555
0.09367
0.06216
0.03740
0.04543
0.02441
0.04642
0.01964
0.00782
0.02244
0.03286
0.01591
0.02395
0.02514
0.01549
0.02608
0.01385
0.01742
0.04456
0.03263
0.04864
0.04220
0.05266
0.03614
0.04027
0.05099
0.02885
0.02807
0.02932
0.01365
0.00662
0.02993
0.03154
0.03893
0.02163
0.03221
0.09817
0.02072
0.03928
0.06476
0.10560
0.07945
0.04000
0.13532
0.10194
0.11571
0.10236
0.05940
0.00849
0.01512
0.01356
0.02936
0.02529
0.02505
0.02042
0.01355
0.04620
0.04296
0.00436
0.01973
0.01432
0.01182
0.02500
0.04085
0.06552
0.04413
0.05682
0.07219
0.06907
0.06959
0.06084
0.03351
0.01562
0.03191
0.04620
0.05789
0.04355
0.04599
0.03917
0.00449
0.00969
0.11875
0.16671
0.01886
0.02769
0.08475
0.08316
0.08903
0.10690
0.03797
0.12948
0.07484
0.07493
0.03565
0.03136
0.03308
0.02627
0.02059
0.02467
0.00985
0.02622
0.03343
0.04726
0.01205
0.01204
0.01419
0.03133
0.02740
0.05364
0.06029
0.06471
0.04870
0.07343
0.05939
0.05004
0.03896
0.05749
0.05033
0.04459
0.03378
0.05736
0.06927
0.03468
0.01832
0.01848
0.01161
0.04121
0.03815
0.05852
0.04040
0.03011
0.03865
0.08734
0.05352
0.02301
0.09607
0.07266
0.03961
0.03819
0.03202
0.01889
0.02268
0.00656
0.01646
0.02447
0.03468
0.01818
0.02917
0.01165
0.01345
0.01169
0.01090
0.00704
0.03338
0.02291
0.06853
0.05834
0.03349
0.04087
0.05281
0.02151
0.04018
0.03530
0.04682
0.02830
0.04008
0.04671
0.03834
0.03017
0.00497
0.04732
0.02109
0.03442
0.03915
0.01552
0.01524
0.04312
0.08032
0.05840
0.06408
0.05194
0.02264
0.01688
0.04016
0.04383
0.01387
0.02987
0.01942
0.01647
0.02026
0.02949
0.03764
0.00246
0.04219
0.01392
0.02832
0.03402
0.01660
0.05366
0.08328
0.08206
0.05580
0.04943
0.08947
0.08677
0.03410
0.05074
0.07059
0.04811
0.06528
0.07836
0.05453
0.03602
0.03980
0.05999
0.06971
0.06609
0.06046
0.02169
0.04282
0.04466
0.01963
0.03714
0.02164
0.02344
0.03584
0.04418
0.03928
0.03813
0.04393
0.03571
0.04804
0.02634
0.02039
0.02974
0.02545
0.00373
0.05168
0.02352
0.04054
0.02216
0.01215
0.03072
0.02030
0.05483
0.06987
0.07418
0.04621
0.04317
0.02514
0.05911
0.03551
0.03999
0.07250
0.06103
0.03164
0.06141
0.01342
0.02986
0.04168
0.06831
0.06340
0.04213
0.05781
0.02628
0.05003
0.03424
0.02323
0.02547
0.01953
0.05862
0.04413
0.04178
0.04791
0.04787
0.03870
0.04629
0.01188
0.01526
0.02319
0.01504
0.04219
0.03650
0.03898
0.02525
0.03086
0.04159
0.05091
0.03436
0.02910
0.03998
0.04981
0.03939
0.03996
0.05411
0.02726
0.03523
0.05310
0.05030
0.08394
0.04213
0.03449
0.01980
0.01909
0.02798
0.02522
0.01408
0.03777
0.02827
0.04878
0.05801
0.04646
0.06098
0.02155
0.01006
0.02280
0.04069
0.02947
0.01914
0.02635
0.01978
0.01708
0.02552
0.03550
0.00805
0.03106
0.04712
0.02676
0.00434
0.01917
0.00545
0.01585
0.04728
0.07079
0.04326
0.05417
0.04366
0.02713
0.02814
0.04547
0.08036
0.08224
0.05636
0.04577
0.03890
0.03420
0.04998
0.02897
0.02078
0.03367
0.02110
0.03639
0.03999
0.05734
0.04555
0.04274
0.02294
0.03851
0.00956
0.02155
0.02156
0.03041
0.02414
0.02870
0.01451
0.03869
0.04798
0.01806
0.00969
0.02639
0.01878
0.01755
0.04633
0.03768
0.01132
0.04407
0.03279
0.04743
0.01616
0.02638
0.03156
0.04602
0.03687
0.04234
0.03680
0.08727
0.05914
0.05530
0.05195
0.03889
0.01413
0.00545
0.03255
0.03295
0.04258
0.02100
0.03294
0.01654
0.01970
0.02304
0.00971
0.01264
0.03415
0.00907
0.00357
0.05660
0.05250
0.03573
0.03677
0.02606
0.04118
0.04643
0.03422
0.01317
0.01032
0.03625
0.02097
0.02570
0.00384
0.02887
0.02276
0.01735
0.01819
0.04380
0.01158
0.02341
0.06815
0.03808
0.04222
0.03153
0.06265
0.02541
0.03604
0.03400
0.01893
0.00402
0.02741
0.04654
0.05943
0.02211
0.00961
0.02605
0.01551
0.02941
0.02575
0.01430
0.01879
0.01873
0.02160
0.04117
0.02489
0.04177
0.06039
0.03782
0.03959
0.04879
0.04037
0.03128
0.03569
0.02937
0.01518
0.04394
0.04152
0.01687
0.02219
0.03153
0.00544
0.01504
0.03102
0.01618
0.02525
0.06197
0.04394
0.03672
0.04819
0.05605
0.03361
0.05111
0.02799
0.00284
0.05377
0.04732
0.03584
0.05068
0.02925
0.03484
0.00767
0.02568
0.03324
0.02513
0.03452
0.01246
0.01808
0.05038
0.03413
0.01233
0.01704
0.03257
0.00295
0.03722
0.02625
0.04728
0.02251
0.05219
0.02027
0.03655
0.02995
0.02714
0.01816
0.01566
0.02606
0.01745
0.03192
0.01773
0.00607
0.01741
0.04211
0.02675
0.06301
0.06516
0.03479
0.02635
0.04585
0.04997
0.05668
0.02706
0.05094
0.05797
0.03060
0.03133
0.02748
0.04289
0.02723
0.02611
0.02979
0.04568
0.02482
0.02809
0.03480
0.02882
0.02583
0.00211
0.02104
0.01559
0.03680
0.01954
0.03066
0.06180
0.02437
0.04400
0.03228
0.03663
0.02991
0.01719
0.01481
0.03522
0.04214
0.02135
0.03599
0.03325
0.04181
0.05085
0.04521
0.06274
0.04813
0.04102
0.03255
0.03095
0.03570
0.03750
0.03672
0.05408
0.05707
0.05902
0.06954
0.12467
0.04761
0.00717
0.03017
0.03912
0.03676
0.02911
0.02265
0.01453
0.05005
0.04202
0.03307
0.00689
0.01215
0.02671
0.01230
0.01656
0.05398
0.03721
0.04823
0.02426
0.02197
0.02433
0.02315
0.02880
0.01925
0.03460
0.06399
0.03436
0.01401
0.03135
0.03904
0.03393
0.05333
0.04579
0.04189
0.03023
0.03988
0.04183
0.04124
0.04133
0.05305
0.09161
0.05354
0.09059
0.11895
0.07868
0.10028
0.04661
0.04159
0.04810
0.02834
0.02955
0.01304
0.02207
0.01868
0.03029
0.01335
0.02588
0.00489
0.01413
0.03964
0.04686
0.03257
0.06948
0.02926
0.02648
0.04080
0.02498
0.04285
0.01933
0.01569
0.04790
0.02300
0.02965
0.03328
0.03243
0.06186
0.02613
0.04886
0.01459
0.06893
0.04610
0.01649
0.03604
0.03752
0.05472
0.04952
0.04609
0.06444
0.08714
0.13531
0.12349
0.08486
0.01639
0.03758
0.03947
0.05624
0.01933
0.01907
0.02897
0.04208
0.03393
0.01389
0.01841
0.02319
0.03839
0.04757
0.05409
0.07130
0.02781
0.04732
0.05647
0.02913
0.02165
0.02372
0.01885
0.05535
0.02837
0.01333
0.05061
0.04665
0.02570
0.05903
0.04762
0.02837
0.04824
0.09989
0.04127
0.04614
0.03704
0.09738
0.07726
0.08742
0.09118
0.11436
0.07927
0.10139
0.06465
0.02471
0.03769
0.02811
0.01667
0.02163
0.01172
0.01145
0.01822
0.01705
0.05291
0.01431
0.03484
0.04094
0.02418
0.03893
0.10165
0.00755
0.01732
0.02157
0.00698
0.02657
0.02614
0.04993
0.02711
0.02460
0.03897
0.03681
0.03294
0.02771
0.06742
0.02471
0.04797
0.05081
0.02259
0.02698
0.09177
0.06016
0.09545
0.06023
0.05389
0.22423
0.11900
0.06168
0.04229
0.04311
0.04799
0.04968
0.01054
0.01630
0.02464
0.01950
0.03371
0.04937
0.02837
0.02076
0.03482
0.03977
0.04916
0.01030
0.02424
0.05673
0.03837
0.01899
0.04097
0.03173
0.03146
0.05425
0.02399
0.01942
0.00986
0.01172
0.03531
0.04891
0.04859
0.05967
0.13412
0.06422
0.07104
0.09005
0.07819
0.13230
0.05971
0.06624
0.08211
0.15456
0.28462
0.10618
0.04868
0.05500
0.04377
0.01785
0.02166
0.02742
0.00546
0.02921
0.03272
0.04444
0.05954
0.06033
0.03936
0.02974
0.05193
0.04465
0.03901
0.02609
0.00860
0.03312
0.00545
0.04129
0.02140
0.03525
0.04286
0.03906
0.03701
0.03279
0.02887
0.05700
0.03153
0.04515
0.06671
0.18329
0.10031
0.05669
0.05291
0.08649
0.10113
0.06789
0.02286
0.11632
0.23819
0.21954
0.09352
0.04523
0.05556
0.04059
0.02049
0.02719
0.00955
0.03211
0.02014
0.03842
0.02598
0.03977
0.07085
0.03540
0.00637
0.01240
0.03512
0.03429
0.05808
0.03128
0.01690
0.01363
0.01415
0.01106
0.02772
0.02293
0.03312
0.04425
0.00341
0.04170
0.05448
0.02524
0.02469
0.07415
0.15196
0.06743
0.05892
0.05974
0.05957
0.07764
0.09690
0.23615
0.28272
0.18462
0.09286
0.08926
0.05719
0.05209
0.04011
0.03819
0.03436
0.00646
0.02224
0.01698
0.01620
0.01955
0.02709
0.05622
0.05291
0.00722
0.00523
0.01676
0.04563
0.06259
0.06129
0.02235
0.00862
0.05082
0.00718
0.01784
0.00559
0.02495
0.00982
0.01276
0.04395
0.05344
0.04513
0.04145
0.09615
0.13919
0.09655
0.20947
0.06062
0.10675
0.07305
0.09053
0.10235
0.19788
0.18709
0.05557
0.01865
0.06969
0.04305
0.03454
0.07439
0.02723
0.02414
0.05160
0.01993
0.02019
0.01608
0.01080
0.03453
0.02939
0.02540
0.01605
0.02838
0.03422
0.02225
0.03380
0.00824
0.00847
0.03918
0.02740
0.03663
0.07419
0.03364
0.03882
0.01297
0.01987
0.02859
0.03775
0.02048
0.04225
0.10841
0.13961
0.27541
0.09149
0.14620
0.16843
0.12349
0.05852
0.21012
0.14267
0.07093
0.04667
0.03193
0.03536
0.04211
0.05250
0.04706
0.03914
0.02307
0.02282
0.01355
0.00796
0.02230
0.03220
0.05188
0.04089
0.03359
0.02058
0.04012
0.04167
0.04203
0.01514
0.00926
0.03159
0.02631
0.04018
0.03781
0.02087
0.02048
0.01249
0.04780
0.02941
0.05067
0.04356
0.02734
0.11406
0.16478
0.13850
0.18774
0.13054
0.07911
0.09846
0.17384
0.21895
0.07318
0.08335
0.08850
0.04210
0.02338
0.02109
0.02219
0.05746
0.03075
0.03369
0.01781
0.02467
0.01541
0.03931
0.04545
0.02415
0.00699
0.03514
0.04027
0.04326
0.02770
0.04438
0.02700
0.01894
0.01428
0.02728
0.05892
0.00801
0.04683
0.00600
0.03086
0.05173
0.03400
0.05882
0.03363
0.05332
0.10834
0.16385
0.18511
0.22592
0.27730
0.13431
0.33430
0.16960
0.15305
0.04123
0.04047
0.09074
0.02933
0.02298
0.03135
0.02314
0.05256
0.02806
0.05555
0.01998
0.02671
0.05032
0.05141
0.06162
0.02680
0.03954
0.04622
0.00537
0.00266
0.02449
0.06325
0.06171
0.01679
0.01678
0.03300
0.04539
0.01327
0.02722
0.02048
0.02598
0.02023
0.01934
0.01961
0.10242
0.13195
0.07856
0.13235
0.12080
0.21657
0.60959
0.54081
0.51824
0.42639
0.23448
0.01992
0.13192
0.11365
0.07219
0.04993
0.03306
0.04954
0.04747
0.04280
0.02927
0.02386
0.04258
0.08882
0.06424
0.02120
0.01539
0.03235
0.04495
0.01287
0.03143
0.01479
0.05606
0.04310
0.04928
0.02940
0.01076
0.02312
0.00859
0.02477
0.03621
0.04359
0.04052
0.04330
0.00569
0.11162
0.10343
0.05432
0.18675
0.12673
0.26085
0.64147
1.00000
0.97760
0.65007
0.27035
0.13011
0.15525
0.11437
0.08056
0.09668
0.05404
0.10183
0.05096
0.05567
0.05164
0.01662
0.05401
0.05484
0.03997
0.02977
0.00851
0.03493
0.02914
0.03909
0.03891
0.02816
0.04158
0.04067
0.03430
0.02132
0.03302
0.04507
0.04545
0.04425
0.02413
0.07232
0.06583
0.04166
0.03636
0.09193
0.18446
0.06367
0.13303
0.15531
0.19823
0.41530
0.75973
0.74751
0.59377
0.20508
0.09827
0.15302
0.08893
0.13728
0.15823
0.11157
0.13503
0.05491
0.07244
0.05108
0.04064
0.03536
0.01029
0.02194
0.05024
0.00488
0.00795
0.03536
0.04999
0.02947
0.04226
0.05135
0.03905
0.03783
0.02473
0.04696
0.04468
0.02860
0.03300
0.04214
0.04818
0.04301
0.05826
0.11649
0.07193
0.07814
0.02337
0.09971
0.07348
0.09112
0.19540
0.42193
0.55122
0.47143
0.24777
0.07487
0.11684
0.16817
0.09949
0.11666
0.11424
0.10890
0.10745
0.07315
0.05647
0.05987
0.03243
0.05135
0.03096
0.01167
0.01897
0.03058
0.03533
0.00827
0.05230
0.00217
0.03019
0.02557
0.03666
0.02494
0.04053
0.04525
0.03399
0.07008
0.05158
0.04692
0.04293
0.05649
0.04480
0.16000
0.08901
0.02868
0.06122
0.04675
0.03528
0.06642
0.22921
0.44678
0.26013
0.36261
0.16087
0.10845
0.10467
0.04844
0.11414
0.07599
0.05447
0.07785
0.05500
0.02346
0.02574
0.03207
0.04221
0.01811
0.03227
0.02415
0.01863
0.03926
0.02016
0.00725
0.01102
0.04113
0.03714
0.04040
0.06286
0.04523
0.02978
0.01369
0.04511
0.05145
0.03777
0.05779
0.03938
0.04895
0.08251
0.11233
0.05685
0.05935
0.05892
0.01897
0.05404
0.17375
0.21312
0.19227
0.35658
0.12502
0.10785
0.06510
0.05836
0.04893
0.05107
0.06270
0.05392
0.04521
0.03212
0.01786
0.04336
0.03837
0.01810
0.04509
0.04041
0.01836
0.03022
0.02704
0.02316
0.01141
0.01522
0.04952
0.04168
0.06130
0.04525
0.05300
0.01621
0.05779
0.03040
0.01393
0.02708
0.02177
0.05684
0.06086
0.06238
0.05533
0.01064
0.05830
0.05299
0.07630
0.14947
0.18752
0.33841
0.21914
0.06804
0.06938
0.05888
0.06238
0.03936
0.07508
0.06356
0.03719
0.01318
0.03025
0.01937
0.03196
0.03177
0.05253
0.03601
0.03657
0.01217
0.01350
0.02872
0.02476
0.01873
0.02934
0.04885
0.03339
0.01950
0.03543
0.05257
0.02330
0.01821
0.03314
0.01610
0.04876
0.02747
0.03148
0.06230
0.02939
0.04864
0.05573
0.05125
0.04595
0.05004
0.05753
0.21060
0.22488
0.12022
0.07728
0.09351
0.14495
0.09862
0.04111
0.07510
0.06319
0.10842
0.04106
0.06253
0.01391
0.02380
0.04240
0.04937
0.03033
0.03200
0.02494
0.00956
0.03881
0.01198
0.03282
0.01964
0.04261
0.02431
0.06040
0.04075
0.06027
0.03901
0.04307
0.00764
0.03058
0.04451
0.05610
0.03288
0.05625
0.04744
0.01239
0.03374
0.03553
0.03737
0.05062
0.08205
0.11559
0.06887
0.10719
0.06632
0.06314
0.07943
0.12964
0.12820
0.03040
0.13161
0.13365
0.05959
0.02795
0.03676
0.03922
0.06086
0.03947
0.03405
0.02620
0.02604
0.00698
0.02284
0.00651
0.03083
0.01876
0.04603
0.03762
0.06862
0.04433
0.04992
0.04419
0.02243
0.02232
0.01676
0.05016
0.14638
0.12544
0.10818
0.03404
0.04120
0.04657
0.01125
0.03084
0.01970
0.03060
0.05770
0.05905
0.01306
0.03401
0.05660
0.05706
0.06775
0.08918
0.03838
0.04799
0.08497
0.09873
0.03961
0.03077
0.03591
0.02838
0.01597
0.01954
0.05739
0.02516
0.02078
0.04568
0.03205
0.00608
0.02367
0.05886
0.04987
0.06397
0.06952
0.05290
0.03516
0.03225
0.00917
0.05321
0.16523
0.27007
0.29689
0.12011
0.12069
0.14784
0.16590
0.08859
0.07997
0.06389
0.11458
0.06551
0.00438
0.13107
0.11791
0.06547
0.07414
0.05136
0.00929
0.04741
0.05808
0.09487
0.06849
0.04221
0.03175
0.04710
0.02642
0.02619
0.00371
0.05349
0.02039
0.03013
0.02886
0.01346
0.02375
0.03064
0.03041
0.02506
0.01192
0.05739
0.02019
0.05771
0.01345
0.02633
0.09394
0.23070
0.34387
0.19268
0.10377
0.15054
0.16863
0.23629
0.19411
0.13610
0.09015
0.13217
0.09980
0.08126
0.23447
0.17081
0.09704
0.10785
0.07553
0.03922
0.03767
0.06043
0.05258
0.05905
0.05274
0.04618
0.02819
0.03724
0.02782
0.02820
0.03425
0.00253
0.02748
0.03065
0.02778
0.04027
0.03085
0.07997
0.03089
0.02986
0.04895
0.03040
0.04598
0.01454
0.03076
0.07863
0.23632
0.27841
0.10919
0.14709
0.12096
0.18093
0.16772
0.10546
0.07879
0.07261
0.13221
0.09307
0.26293
0.08680
0.24348
0.23341
0.12568
0.03949
0.02495
0.03960
0.06098
0.04143
0.05843
0.05346
0.12709
0.03965
0.05272
0.00840
0.03827
0.04755
0.03940
0.03103
0.03006
0.00485
0.04049
0.02415
0.06424
0.08446
0.04215
0.02815
0.02819
0.01361
0.01877
0.04509
0.04209
0.08501
0.07089
0.05417
0.12128
0.14077
0.14416
0.23844
0.07063
0.06107
0.08343
0.12483
0.12207
0.22659
0.26451
0.40970
0.38159
0.15778
0.09448
0.07135
0.05334
0.02211
0.03266
0.01896
0.05562
0.10191
0.05414
0.03107
0.04522
0.03092
0.02638
0.04704
0.03167
0.03709
0.01801
0.02068
0.01264
0.01575
0.05978
0.04807
0.06297
0.00594
0.02375
0.03846
0.02493
0.01476
0.01430
0.06048
0.04340
0.03889
0.04218
0.07077
0.16272
0.05471
0.08387
0.08105
0.10677
0.16356
0.36504
0.50540
0.55283
0.36182
0.19969
0.11341
0.03650
0.04233
0.01216
0.04816
0.02925
0.01431
0.01632
0.02339
0.02485
0.02660
0.04236
0.04401
0.04420
0.01275
0.01398
0.01505
0.01981
0.03453
0.03591
0.04493
0.06563
0.06940
0.05724
0.06104
0.06727
0.02466
0.03824
0.07025
0.01917
0.04591
0.04185
0.02915
0.07070
0.07750
0.04532
0.08115
0.12629
0.08309
0.11039
0.25342
0.54036
0.45196
0.19502
0.11272
0.08767
0.01295
0.06859
0.02541
0.04269
0.00328
0.01564
0.01764
0.02095
0.02374
0.02966
0.03363
0.02808
0.03076
0.01881
0.01388
0.01817
0.05405
0.03185
0.01729
0.06248
0.08494
0.08566
0.05736
0.09182
0.10658
0.04856
0.06875
0.04194
0.01934
0.04257
0.03809
0.00795
0.01909
0.05695
0.02191
0.07290
0.16209
0.07152
0.07179
0.14373
0.21925
0.15719
0.07704
0.09804
0.03119
0.04354
0.06081
0.03289
0.01136
0.02491
0.05152
0.03888
0.01330
0.00756
0.01508
0.00975
0.03599
0.03938
0.04177
0.02356
0.02440
0.04005
0.03130
0.04768
0.06506
0.09286
0.05512
0.05410
0.08335
0.15186
0.14783
0.09839
0.05368
0.01703
0.04244
0.02870
0.03350
0.03949
0.03922
0.04795
0.05952
0.07425
0.04936
0.05093
0.09609
0.14076
0.16162
0.03683
0.03579
0.08840
0.03353
0.03912
0.04178
0.02221
0.06861
0.07515
0.03563
0.01835
0.01844
0.00822
0.03983
0.01442
0.03859
0.03511
0.02241
0.04778
0.02209
0.03352
0.05072
0.05705
0.03530
0.04218
0.05228
0.04912
0.05991
0.05807
0.05614
0.05945
0.02518
0.00961
0.02300
0.07598
0.02175
0.05160
0.03721
0.02343
0.03421
0.01731
0.06481
0.07970
0.08263
0.05477
0.05584
0.05632
0.04166
0.02986
0.05063
0.02137
0.01511
0.04344
0.05430
0.01020
0.01125
0.01563
0.00611
0.01281
0.04064
0.01562
0.00644
0.01323
0.03973
0.01997
0.02993
0.05256
0.02404
0.01161
0.00788
0.02980
0.02538
0.03333
0.18713
0.11668
0.05444
0.04286
0.04652
0.00423
0.02265
0.02059
0.01628
0.04408
0.06251
0.03410
0.03644
0.09148
0.09041
0.05576
0.10593
0.09981
0.06751
0.07346
0.04839
0.04405
0.04487
0.02526
0.06849
0.05944
0.01554
0.01456
0.01575
0.06365
0.04495
0.02640
0.03824
0.04759
0.02255
0.04385
0.00439
0.04631
0.05372
0.01456
0.03158
0.03338
0.04221
0.03382
0.02570
0.13838
0.13263
0.06435
0.07397
0.02910
0.01603
0.01489
0.00338
0.02023
0.04516
0.08242
0.01825
0.05463
0.09172
0.05535
0.06123
0.09351
0.07808
0.08826
0.05601
0.04457
0.08505
0.06135
0.04547
0.04521
0.06206
0.05018
0.05330
0.02330
0.05142
0.05563
0.03784
0.01312
0.01600
0.05068
0.01958
0.05648
0.03166
0.01803
0.03262
0.04459
0.01321
0.02955
0.01789
0.01963
0.08701
0.10451
0.01072
0.05817
0.03401
0.03614
0.02261
0.03992
0.01652
0.00565
0.04422
0.04860
0.06580
0.16279
0.03898
0.08364
0.07579
0.07807
0.02594
0.03632
0.02770
0.05058
0.07923
0.01811
0.03958
0.02167
0.01346
0.03081
0.02576
0.00827
0.01920
0.02522
0.01421
0.00703
0.03897
0.02303
0.03677
0.03143
0.03446
0.01033
0.00597
0.04626
0.04158
0.01508
0.03014
0.06414
0.04400
0.04735
0.04191
0.02708
0.04083
0.03923
0.03228
0.03484
0.01503
0.02796
0.03478
0.03832
0.04755
0.09040
0.10945
0.08099
0.04061
0.09759
0.06947
0.07412
0.07034
0.02896
0.01423
0.03836
0.02642
0.00757
0.00468
0.00547
0.03593
0.01832
0.02058
0.03938
0.00411
0.04865
0.01387
0.02734
0.01300
0.00448
0.00583
0.02006
0.02172
0.00816
0.02661
0.02517
0.07304
0.08466
0.04097
0.04342
0.04340
0.01608
0.01476
0.06777
0.05115
0.00846
0.01391
0.02519
0.02695
0.08098
0.11991
0.06931
0.05516
0.01393
0.04966
0.02995
0.06596
0.03929
0.04130
0.02688
0.01223
0.00979
0.02377
0.03199
0.00615
0.03778
0.02782
0.03475
0.01898
0.02180
0.01079
0.03051
0.02825
0.03897
0.01326
0.01388
0.03479
0.03504
0.00958
0.02460
0.03373
0.08218
0.05896
0.07703
0.05812
0.01683
0.03271
0.01472
0.01699
0.04569
0.01647
0.02620
0.01989
0.04538
0.02119
0.06877
0.07062
0.01811
0.02892
0.03242
0.03317
0.03138
0.04527
0.06041
0.01605
0.03000
0.04882
0.02126
0.05758
0.02870
0.01237
0.01584
0.02781
0.02627
0.02473
0.03580
0.05792
0.07503
0.04372
0.01919
0.02012
0.02784
0.01321
0.02041
0.01125
0.03460
0.07569
0.04122
0.12322
0.02579
0.03154
0.01321
0.03022
0.04384
0.04015
0.02628
0.04147
0.03817
0.01096
0.02445
0.04266
0.04000
0.01363
0.00678
0.01937
0.03874
0.01109
0.05381
0.04342
0.00920
0.02171
0.01962
0.02599
0.01106
0.00775
0.02468
0.02820
0.02268
0.02595
0.01624
0.02641
0.03848
0.03348
0.02831
0.05083
0.01356
0.00812
0.01450
0.00994
0.03363
0.02581
0.00435
0.03598
0.04693
0.01398
0.01789
0.03257
0.02078
0.00874
0.04010
0.05879
0.02406
0.09819
0.09342
0.07632
0.04332
0.02918
0.02641
0.01023
0.01843
0.03971
0.01220
0.02210
0.00903
0.02225
0.02736
0.02817
0.02314
0.00485
0.02962
0.00538
0.02231
0.02355
0.03303
0.05719
0.02574
0.05047
0.06010
0.00919
0.04881
0.01861
0.04006
0.01596
0.01241
0.01154
0.04202
0.02516
0.04964
0.03372
0.03903
0.03501
0.00642
0.04882
0.01524
0.07767
0.04748
0.05864
0.09420
0.15065
0.08697
0.01642
0.00847
0.02093
0.02472
0.01284
0.01734
0.01587
0.03224
0.04470
0.04229
0.00792
0.02737
0.03697
0.02688
0.03541
0.02813
0.02565
0.03866
0.05519
0.02185
0.04385
0.03706
0.03830
0.02978
0.03507
0.01682
0.01711
0.02385
0.03694
0.01236
0.01979
0.01472
0.02551
0.02431
0.03479
0.03953
0.01317
0.06274
0.09462
0.11376
0.04527
0.05051
0.08423
0.15766
0.10395
0.03973
0.04592
0.03723
0.02161
0.03479
0.02047
0.00567
0.01384
0.01814
0.03975
0.00559
0.01291
0.01662
0.02470
0.02696
0.03878
0.05524
0.04284
0.05646
0.02156
0.02303
0.02618
0.00750
0.00911
0.03882
0.03535
0.01390
0.04380
0.01875
0.00476
0.02520
0.03071
0.04914
0.02434
0.04530
0.05094
0.02772
0.06003
0.07588
0.09504
0.06314
0.07965
0.08021
0.08425
0.07132
0.02740
0.02797
0.06970
0.04645
0.03176
0.06839
0.01290
0.04859
0.04629
0.03493
0.03226
0.02256
0.03906
0.01620
0.00919
0.03514
0.05844
0.05752
0.02862
0.02207
0.01429
0.02538
0.01661
0.04111
0.03198
0.04081
0.04919
0.05217
0.02651
0.00617
0.01137
0.02279
0.04138
0.03166
0.04013
0.02235
0.03226
0.02352
0.04513
0.04761
0.06115
0.03124
0.01845
0.03887
0.02224
0.00374
0.02862
0.09570
0.09078
0.04449
0.02421
0.01767
0.01314
0.06471
0.05341
0.03712
0.04968
0.02349
0.02575
0.00543
0.04304
0.02038
0.02400
0.06166
0.02095
0.00740
0.01644
0.02829
0.02960
0.01735
0.01376
0.02460
0.03490
0.03363
0.00820
0.01572
0.01531
0.02809
0.02648
0.01578
0.02784
0.05433
0.01737
0.04298
0.03937
0.05295
0.01852
0.05123
0.01073
0.02892
0.01848
0.02028
0.03815
0.05484
0.04307
0.06262
0.03951
0.01527
0.05506
0.03935
0.06045
0.03985
0.00856
0.03447
0.03993
0.04901
0.03770
0.05280
0.05096
0.05174
0.03727
0.02409
0.04436
0.05187
0.00881
0.01871
0.01642
0.03267
0.02518
0.03346
0.00410
0.03576
0.00097
0.04518
0.02233
0.03099
0.01986
0.02674
0.00554
0.01566
0.03985
0.06975
0.01529
0.01552
0.05236
0.01246
0.03643
0.01216
0.01346
0.01483
0.05461
0.02569
0.02267
0.01845
0.03958
0.06050
0.05653
0.08070
0.03353
0.02877
0.02703
0.08439
0.05439
0.03723
0.03905
0.05032
0.03848
0.06281
0.04245
0.00691
0.02799
0.00918
0.05927
0.02443
0.02806
0.02835
0.04418
0.03984
0.04127
0.02738
0.01876
0.04190
0.03272
0.02586
0.00977
0.00696
0.00826
0.03689
0.03407
0.05083
0.00549
0.06821
0.05874
0.01056
0.03037
0.03971
0.04254
0.01720
0.02640
0.03569
0.06314
0.07606
0.08027
0.04813
0.03770
0.10576
0.08172
0.06142
0.02729
0.03367
0.04431
0.04068
0.04882
0.04825
0.01723
0.02449
0.01573
0.02392
0.02336
0.03707
0.03167
0.04083
0.01652
0.00935
0.02671
0.00924
0.00894
0.04619
0.04726
0.04516
0.05299
0.00300
0.02947
0.04489
0.04624
0.03856
0.02304
0.04598
0.01495
0.01854
0.01125
0.01206
0.01610
0.01150
0.05811
0.07676
0.06110
0.03340
0.05376
0.01821
0.02534
0.03621
0.05906
0.04846
0.06691
0.04804
0.04486
0.06802
0.05018
0.02735
0.01374
0.02096
0.03471
0.01351
0.04034
0.05808
0.04065
0.00930
0.00757
0.03957
0.01500
0.01990
0.03288
0.02844
0.07193
0.04306
0.00713
0.01561
0.04191
0.04429
0.02087
0.02558
0.01119
0.01851
0.01474
0.00533
0.01886
0.04435
0.03434
0.03935
0.03528
0.04036
0.00360
0.02910
0.03470
0.03082
0.02094
0.06844
0.03392
0.05101
0.05503
0.05068
0.05692
0.01679
0.03016
0.01614
0.02283
0.03742
0.00779
0.03098
0.04020
0.02210
0.01060
0.01248
0.00512
0.00710
0.05646
0.01135
0.04469
0.01816
0.00706
0.02363
0.02111
0.03921
0.01397
0.02042
0.03246
0.01540
0.05517
0.04237
0.03976
0.01528
0.02715
0.05437
0.04585
0.03908
0.03624
0.01391
0.01165
0.03980
0.06783
0.02104
0.07886
0.06838
0.08689
0.07444
0.06302
0.03147
0.01541
0.00833
0.03590
0.01431
0.01603
0.01138
0.04411
0.01274
0.01607
0.01241
0.03399
0.04004
0.02016
0.02840
0.03078
0.04236
0.02944
0.01916
0.05122
0.01214
0.01654
0.00760
0.01590
0.01862
0.02958
0.01671
0.00191
0.00226
0.00708
0.02845
0.07168
0.03679
0.01627
0.02191
0.03340
0.03346
0.04384
0.03493
0.02378
0.07434
0.14194
0.17766
0.05818
0.00999
0.02171
0.02941
0.01387
0.01353
0.01799
0.00452
0.01281
0.04132
0.03752
0.03218
0.01345
0.04634
0.02423
0.01813
0.04175
0.01191
0.04018
0.03079
0.03531
0.02710
0.01281
0.02996
0.00289
0.00681
0.02878
0.00983
0.02410
0.00390
0.02875
0.02982
0.02424
0.03840
0.04669
0.04391
0.03311
0.03814
0.02749
0.04960
0.05591
0.02513
0.04769
0.09513
0.05482
0.03707
0.02577
0.04328
0.05409
0.01677
0.01765
0.02409
0.01973
0.00593
0.03289
0.02066
0.03831
0.03613
0.01918
0.02228
0.01726
0.02346
0.02863
0.03347
0.02065
0.03654
0.03163
0.00402
0.02495
0.04589
0.01782
0.02397
0.02720
0.02245
0.01285
0.03200
0.03747
0.02312
0.02277
0.07128
0.01650
0.05650
0.06039
0.04533
0.06989
0.03282
0.06000
0.11668
0.08668
0.03965
0.04339
0.01366
0.02214
0.03190
0.03841
0.03045
0.01248
0.03287
0.03252
0.03487
0.02517
0.01509
0.03191
0.04904
0.02344
0.02308
0.02601
0.02738
0.00945
0.02446
0.04392
0.02893
0.02812
0.01868
0.01941
0.01294
0.01688
0.03228
0.01152
0.03627
0.01361
0.00682
0.02669
0.04999
0.04122
0.08003
0.10868
0.08609
0.05753
0.17218
0.24445
0.27700
0.25511
0.13205
0.05637
0.04208
0.01111
0.02769
0.04053
0.00763
0.00756
0.04338
0.00805
0.02171
0.01510
0.00546
0.01321
0.01363
0.03745
0.01138
0.01999
0.00812
0.02247
0.02505
0.02873
0.02761
0.04385
0.03161
0.01864
0.03003
0.01509
0.02587
0.02436
0.03013
0.03018
0.02958
0.00863
0.03910
0.05297
0.09037
0.10797
0.17119
0.09386
0.03914
0.09194
0.23896
0.24608
0.15493
0.05446
0.03437
0.02546
0.01519
0.02241
0.05545
0.04125
0.01294
0.03072
0.01306
0.02031
0.01241
0.00719
0.03598
0.02148
0.01579
0.02985
0.04507
0.04087
0.03070
0.03037
0.05406
0.02111
0.03463
0.04760
0.01504
0.01912
0.04404
0.03260
0.01226
0.01512
0.01631
0.00643
0.03158
0.05020
0.03377
0.06964
0.14040
0.11694
0.06456
0.02301
0.04676
0.05504
0.10204
0.08502
0.03538
0.02689
0.00991
0.01295
0.03171
0.01396
0.02757
0.03295
0.01441
0.00689
0.03240
0.02267
0.00332
0.02864
0.01473
0.03383
0.02773
0.05671
0.02940
0.05394
0.03611
0.03500
0.01650
0.00871
0.00256
0.01310
0.00998
0.04481
0.06115
0.02659
0.03039
0.01719
0.01022
0.00598
0.01841
0.04131
0.06784
0.06111
0.05682
0.04087
0.00325
0.01934
0.02099
0.02808
0.00032
0.03063
0.02216
0.01099
0.02504
0.03124
0.05355
0.04716
0.03442
0.01324
0.02840
0.03858
0.00538
0.02339
0.02972
0.02478
0.04108
0.06069
0.03093
0.03849
0.02484
0.03015
0.03122
0.03681
0.04463
0.02858
0.01993
0.04341
0.03079
0.02865
0.01655
0.01524
0.01761
0.02364
0.01498
0.03877
0.05196
0.03766
0.01401
0.02824
0.02465
0.02532
0.01623
0.01785
0.03268
0.02627
0.03373
0.03661
0.02317
0.04386
0.04777
0.05313
0.01996
0.03288
0.04453
0.03215
0.01415
0.00922
0.00269
0.03997
0.01314
0.05390
0.04614
0.05057
0.03981
0.04008
0.02822
0.05662
0.04238
0.03673
0.02508
0.03922
0.05723
0.04892
0.04309
0.01784
0.01939
0.02085
0.02264
0.02365
0.03280
0.03347
0.02330
0.03800
0.03313
0.05201
0.04191
0.05859
0.01566
0.00638
0.02244
0.01890
0.02023
0.01487
0.03149
0.03906
0.06002
0.00333
0.01962
0.01525
0.03540
0.02262
0.01502
0.05540
0.02975
0.06309
0.05700
0.01876
0.01336
0.05881
0.01797
0.00961
0.01760
0.02743
0.03929
0.04913
0.03234
0.05167
0.01573
0.03048
0.01215
0.00840
0.05172
0.03478
0.00786
0.01471
0.02203
0.01588
0.05993
0.02335
0.03391
0.05172
0.04358
0.03776
0.04186
0.04691
0.02568
0.02821
0.00734
0.01959
0.03402
0.04887
0.02465
0.00966
0.01934
0.04632
0.00932
0.00803
0.02886
0.02513
0.04297
0.03589
0.03934
0.02250
0.03434
0.04270
0.06835
0.02361
0.05324
0.07382
0.07084
0.05725
0.04762
0.03420
0.04110
0.04535
0.02507
0.02455
0.02103
0.03731
0.01829
0.03765
0.06863
0.01398
0.03365
0.00918
0.05538
0.02936
0.05746
0.02579
0.03084
0.06423
0.03164
0.02733
0.02190
0.01369
0.02851
0.00061
0.00186
0.03252
0.00432
0.02992
0.04059
0.01013
0.03834
0.02665
0.03612
0.03180
0.02972
0.03055
0.03337
0.04400
0.04021
0.07387
0.13973
0.07963
0.06404
0.08190
0.06326
0.06352
0.05201
0.05480
0.03049
0.02628
0.01702
0.02331
0.04281
0.05277
0.02755
0.00775
0.05912
0.01873
0.01373
0.02131
0.01294
0.02256
0.02879
0.04068
0.04159
0.00567
0.01098
0.03512
0.02913
0.02769
0.01878
0.00694
0.02682
0.04253
0.01435
0.03413
0.06105
0.01566
0.02787
0.01741
0.02624
0.03358
0.06544
0.03075
0.03544
0.03549
0.02079
0.14824
0.10703
0.08869
0.09961
0.05376
0.06986
0.06543
0.02410
0.01692
0.02627
0.03231
0.04670
0.04259
0.02596
0.01732
0.03223
0.05597
0.03946
0.02625
0.05891
0.03193
0.02761
0.04818
0.03605
0.01004
0.03176
0.00684
0.02779
0.02649
0.01451
0.02564
0.03764
0.02993
0.01468
0.00452
0.03076
0.01374
0.02379
0.03205
0.06413
0.04448
0.03937
0.05546
0.02677
0.03400
0.14549
0.09493
0.05744
0.10562
0.18229
0.07752
0.01952
0.01981
0.05080
0.03259
0.00764
0.04353
0.04299
0.02241
0.01021
0.06215
0.06692
0.05347
0.05181
0.05291
0.02713
0.01079
0.04996
0.07104
0.06771
0.03882
0.00814
0.04934
0.03755
0.02324
0.06900
0.07098
0.05116
0.04673
0.05822
0.02752
0.03690
0.00445
0.04413
0.03066
0.04349
0.01623
0.02715
0.00820
0.04454
0.06579
0.02557
0.04992
0.05695
0.09029
0.05350
0.03370
0.03042
0.00527
0.01797
0.05133
0.03243
0.01192
0.02116
0.00564
0.04151
0.02924
0.04961
0.02036
0.03646
0.02481
0.02686
0.05580
0.04399
0.04149
0.02760
0.01679
0.02899
0.04020
0.01592
0.01746
0.01319
0.02275
0.06861
0.00835
0.00811
0.00746
0.02299
0.03159
0.03386
0.01968
0.03750
0.01528
0.02930
0.04708
0.01356
0.01428
0.02797
0.02384
0.04750
0.00835
0.01020
0.01690
0.03246
0.01189
0.02863
0.03357
0.04470
0.03240
0.01109
0.03254
0.10936
0.05762
0.02383
0.03716
0.06938
0.01622
0.03657
0.04282
0.05210
0.03982
0.01283
0.02676
0.04403
0.04295
0.01310
0.00970
0.06354
0.05369
0.07848
0.01898
0.02369
0.03200
0.00988
0.01278
0.02920
0.04113
0.00351
0.02918
0.03135
0.02091
0.00924
0.01308
0.00957
0.02922
0.04188
0.01741
0.02032
0.02861
0.03665
0.01105
0.02313
0.04928
0.03477
0.03347
0.06312
0.04549
0.06255
0.03649
0.01545
0.02386
0.00984
0.02017
0.03588
0.02260
0.02677
0.01203
0.00920
0.03200
0.03120
0.01106
0.02588
0.04222
0.03835
0.06007
0.00941
0.02447
0.01456
0.01170
0.02396
0.02291
0.02623
0.00724
0.01433
0.00832
0.01698
0.02134
0.00623
0.04263
0.01821
0.04528
0.04234
0.02440
0.02732
0.03902
0.03824
0.03289
0.03341
0.04800
0.02794
0.02154
0.03160
0.01573
0.02172
0.02644
0.04495
0.03149
0.01004
0.02360
0.01975
0.01457
0.02625
0.03478
0.01080
0.02796
0.04428
0.03818
0.08495
0.09912
0.06512
0.04230
0.03961
0.04490
0.01597
0.02501
0.01166
0.03349
0.01120
0.01098
0.02452
0.01569
0.00456
0.03498
0.02757
0.05458
0.00105
0.05113
0.03566
0.03494
0.03936
0.02495
0.04513
0.04484
0.04830
0.04014
0.01294
0.00597
0.02728
0.03441
0.02424
0.01549
0.03118
0.02265
0.00978
0.00729
0.01195
